a = 5
b = 7
x = 12