a = 5
b =7
c = 15
x = 12